500
112 851 625 861528
721 73 369 341701
313 535 611 205210
697 495 999 854286
361 591 509 522903
998 961 579 729880
447 128 347 527637
807 986 747 881816
475 808 326 327519
27 668 687 95919
217 832 687 410442
703 812 87 232673
980 671 750 877042
762 720 406 435069
356 5 898 372839
288 374 204 943587
148 477 956 636211
742 6 514 140901
523 117 839 196107
82 896 136 619233
354 704 300 650064
804 556 708 233555
833 735 768 89419
76 778 127 637641
820 26 626 503328
786 236 369 236032
413 232 103 399629
654 468 724 802715
612 615 2 907703
242 875 520 484300
993 190 519 283365
840 185 204 827511
962 950 386 102787
953 388 356 793608
56 187 834 933919
885 72 188 392978
350 121 523 707417
239 308 959 731231
633 261 867 190276
520 946 865 865800
224 481 711 229383
203 6 841 917234
741 493 625 836292
269 760 80 137111
102 554 840 185800
7 742 367 390517
871 49 855 605724
614 403 938 308522
119 655 133 6532
451 593 123 988274
985 286 989 548251
216 843 179 965043
91 990 23 855435
206 736 145 791205
901 255 647 700015
350 355 538 483954
645 351 535 634197
345 903 309 2965
581 997 157 787482
730 624 275 97689
300 550 740 792365
801 978 587 545975
987 207 646 459998
903 808 875 390507
491 388 526 584332
127 916 96 25217
689 227 101 671612
936 753 188 176126
539 489 829 42734
86 158 212 567336
84 254 345 832970
805 141 43 45397
235 368 816 65569
463 885 725 881841
623 727 174 696999
940 904 785 961249
695 218 727 739055
757 464 205 777226
867 126 888 775052
639 437 62 58337
26 37 511 763245
191 371 446 284706
166 637 364 425619
946 402 826 896223
388 999 846 338749
143 517 482 150764
951 839 700 452812
594 858 822 741872
199 670 83 282261
919 693 982 435491
148 866 269 369950
320 192 536 898430
598 658 939 680970
489 839 573 307360
131 362 400 665057
39 764 624 270364
661 209 99 954170
759 495 493 954864
681 905 842 402834
316 890 621 802020
226 111 371 687091
936 215 429 771252
110 303 124 316579
107 155 749 121297
176 265 776 133115
654 538 357 478605
28 251 13 50103
415 169 909 963542
547 450 835 923240
749 326 589 355339
156 397 497 966124
308 314 408 4833
492 490 722 367438
598 119 480 752398
560 599 896 700391
277 170 475 872013
304 485 648 929408
35 494 606 429410
435 131 810 160568
450 649 9 294378
256 468 436 702887
285 701 999 587185
971 529 648 406304
6 670 538 764100
786 867 413 529291
763 142 475 859218
703 329 740 238731
325 755 938 401287
633 765 764 551956
908 858 140 539025
48 529 430 206566
178 887 467 796671
659 433 75 428149
567 365 505 287925
491 55 629 768059
391 404 755 333038
406 794 48 199544
985 209 250 27135
716 950 132 994834
491 883 324 773255
821 531 843 247454
599 807 148 611318
339 443 666 380690
771 304 294 857752
82 799 766 487340
329 783 624 461450
370 210 927 778769
159 224 742 756813
3 432 388 327455
861 507 110 327016
637 71 731 759885
864 507 655 271767
384 465 637 812413
242 222 319 270580
135 165 832 787223
864 844 229 744396
56 375 511 394653
432 301 943 202938
920 316 819 652315
122 526 204 637652
501 425 599 740793
556 978 963 789695
972 272 616 321795
652 730 966 253707
386 416 981 708253
967 542 31 397024
947 543 38 144233
10 495 663 818000
641 187 908 421615
539 780 972 191800
691 230 556 700834
24 516 819 475823
443 152 932 301160
595 987 36 818110
966 347 378 316965
150 851 686 746612
159 194 476 834574
171 562 123 279271
740 559 279 516300
508 11 371 771649
773 335 447 500510
146 623 164 599176
733 177 739 501400
206 183 584 235021
596 338 807 836709
951 591 26 253606
517 478 312 780646
24 685 160 399368
988 14 171 508151
838 831 226 919252
516 161 807 819200
448 271 935 217456
201 504 563 525851
389 789 570 228037
32 531 136 178352
648 360 800 529269
179 150 602 752623
418 722 131 404915
442 582 662 866028
687 670 121 540861
902 224 487 352937
5 913 876 649534
443 525 320 158886
718 499 487 10489
830 400 587 314875
588 360 916 714727
981 722 774 754385
389 407 351 229707
552 438 780 244551
714 465 536 631749
360 487 679 462285
520 562 73 948026
325 915 521 448574
426 591 244 700999
67 9 812 399395
647 462 666 743474
96 619 152 220392
943 569 564 456496
932 417 42 106136
533 763 280 270489
606 172 574 603345
62 776 179 440124
981 807 465 781786
877 531 62 225838
361 875 347 178104
808 160 127 516037
325 95 837 495277
371 522 993 415211
531 455 887 572251
301 936 113 562172
594 70 439 302883
340 942 285 669062
620 223 988 206272
769 606 277 445845
717 491 16 630295
541 907 147 619523
404 992 790 71774
125 968 337 793094
660 70 3 588770
993 394 796 870208
129 72 530 649334
891 44 340 451882
321 824 333 517078
339 245 267 181574
58 784 883 890602
951 513 52 721712
821 314 282 444197
998 755 670 565823
457 383 97 211036
227 24 24 662706
786 765 976 938219
863 621 878 673761
662 692 177 878146
575 644 889 979644
416 570 924 642267
245 209 796 199331
229 700 439 25798
279 509 760 391717
886 674 323 857455
813 816 420 673207
966 362 742 256163
263 358 119 202482
946 604 231 473639
49 373 441 306948
574 184 616 971100
359 335 762 953561
45 713 493 232628
350 578 250 19718
415 60 835 669676
603 899 181 754466
25 578 60 914089
228 262 83 491606
37 974 470 559350
649 7 913 429284
444 487 57 781819
29 688 582 760254
645 228 358 32853
873 266 259 183039
660 528 568 746411
865 651 161 103747
983 280 828 272015
504 34 562 943424
973 271 278 783277
818 342 497 743836
663 636 600 967968
386 294 101 870334
633 869 330 288301
360 795 805 168234
712 150 579 382900
734 995 471 610606
877 64 143 793548
256 140 76 194391
94 366 626 935483
164 381 360 947540
714 645 126 792826
510 203 138 261811
529 27 41 861193
554 536 365 362421
443 429 879 353038
272 522 385 25446
256 649 286 222506
695 259 246 840428
813 627 845 152877
941 128 12 74941
799 531 622 802822
198 262 460 141657
30 552 670 160592
494 861 858 43802
847 1 143 386533
543 219 482 997278
642 550 737 527053
929 768 355 378071
419 496 518 85863
652 737 100 842393
180 991 770 936289
874 976 262 737323
336 829 625 472922
924 528 96 131019
700 522 592 468335
325 122 917 789677
493 316 794 303609
755 120 504 858799
486 267 771 859142
423 370 483 123916
309 176 255 323664
435 391 516 763258
169 855 530 60167
432 683 20 886607
786 826 606 123104
19 345 208 525321
412 845 903 858263
691 43 941 891972
454 374 222 615736
14 185 318 463195
50 260 756 655995
949 649 216 817116
698 898 606 620220
224 271 276 614356
138 834 981 210279
87 984 433 573165
848 871 282 812861
112 803 823 315060
945 273 745 781938
61 103 900 245283
188 315 254 180359
143 260 814 448440
394 420 798 346212
741 695 972 938032
296 15 951 63896
216 756 388 865750
295 981 608 792578
139 653 622 605105
362 627 889 716842
82 692 470 661324
136 220 211 773007
821 124 85 769678
569 935 997 30912
603 198 817 782176
927 482 945 926217
275 453 341 361414
506 757 788 361339
94 583 289 929448
182 747 149 636468
150 502 850 334333
602 959 673 453005
419 608 267 43613
792 398 534 696080
319 74 710 369902
870 960 981 224360
660 197 502 280751
733 703 815 652010
185 837 266 210913
826 926 173 64032
868 854 470 481225
732 104 564 950643
189 307 195 746525
132 453 480 124148
374 736 221 480701
439 676 822 854788
495 509 949 842652
56 20 410 123249
393 458 596 875558
615 216 93 540994
821 228 206 151253
429 908 601 140856
533 558 60 240874
995 943 355 596559
426 398 289 793634
533 895 249 594041
780 77 795 109328
282 281 712 749316
24 628 574 655555
675 188 376 975462
846 705 107 548886
574 457 826 543391
248 733 449 197505
494 293 415 433765
66 545 97 913565
777 508 394 996894
291 770 165 988696
576 521 547 16357
752 12 169 43435
660 945 334 193510
465 823 145 665261
121 333 623 507786
607 483 845 681562
906 87 672 556098
251 512 5 368358
209 709 596 495922
898 242 547 976916
371 551 913 639082
771 238 828 230342
40 874 732 542552
868 913 148 959208
646 228 90 959797
826 796 648 379616
774 6 731 829924
471 657 33 415519
701 430 622 694634
578 31 934 928526
902 331 806 732083
283 396 756 766149
282 744 889 259731
87 399 75 79306
682 965 895 317859
807 604 95 558453
721 623 785 362566
428 270 256 667738
557 429 219 849356
319 462 695 497057
612 369 402 90855
789 745 903 342596
1 46 617 296322
38 584 681 191000
907 261 700 797865
271 73 731 687531
572 609 995 701890
476 816 561 446760
919 407 1 879469
121 795 930 317338
165 93 180 697429
500 641 851 454155
377 227 593 257849
149 478 114 675561
149 719 161 71460
206 966 120 199802
685 7 924 686168
326 958 712 329548
149 463 790 515323
722 677 641 980520
753 162 572 84386
452 40 679 628198
173 61 396 355838
343 348 363 140896
768 243 997 534276
314 720 411 164594
17 995 783 838607
610 646 62 209074
740 181 632 377115
185 775 243 15754
345 572 515 690278
920 439 79 679053
606 399 166 874826
906 700 242 713115
181 428 79 752242
738 819 555 278902
243 942 517 362163
849 878 851 730461
416 466 754 982483
714 36 260 293619
382 242 235 421853
12 606 854 702498
892 482 487 634800
276 119 738 571921
201 543 813 982752
887 634 238 511799
470 863 676 119799
84 220 152 896146
869 885 717 531014
318 486 104 92743
21 909 255 344340
402 840 220 46995
655 949 667 565049
361 680 375 503176
649 499 874 521460
152 784 208 796841
864 359 20 615884
495 441 463 712832
418 450 462 691625
346 17 163 954574
574 554 845 815011
19 45 774 410250
429 953 564 833832
667 481 890 150718
759 988 110 961258
577 95 173 316578
3 496 561 994788
640 157 731 25671
416 691 475 690912
652 422 898 85506